  5494.47    26.63524392219463   26.607353051085184    0.9369772860041543    0.8734908074008878  
  5522.45   42.662555016630414    42.60618205797302    1.2266060838477912     1.213666986183604  
  5524.24    3.952661024756909    3.911426953310078    0.6909645372512618    0.6216500274544989  
  5539.29   17.586582489011924    17.53487993806194    0.7879749813608825    0.7544655368126101  
  5552.69    6.997478048202241    6.932646631223184     0.933185819651067    0.8962996965454844  
  5560.22    49.63492760050542    49.56054491254618    2.5179966425828866    2.3132332574000216  
  5568.86    8.144616817862676    8.121623210964183    0.7304033896687283    0.6641908416927649  
  5577.03    12.45200719191664   12.434867416092343    0.8880232854719203    0.7986901839155536  
  5586.77                  0.0                  0.0                   0.0                   0.0  
  5587.58    33.49646766850883    33.54273695283297    1.6181349896776283    1.8579801760978967  
  5595.05    8.234778040988393     8.20585387195364    0.9218297473662638    0.7938468093929565  
  5608.98   10.311611541738579   10.287410151579639    0.7793883297242541    0.7171287970963487  
  5609.97   6.8403512250707985    6.837867089129918    1.2670160372106496    1.3612858374490733  
  5611.36    9.611450229271835    9.604307595763785    0.8730831486610988    0.8340612439901456  
  5618.64    49.96829354583398    49.97311617316363    1.2489653601237904    1.2638276695224064  
  5619.61    34.91610509696868    34.89523875298665    1.1509565130378476    1.0845279095212064  
  5635.83    32.78299059455876    32.78095496709108    0.8751839704124293    1.0340562573626997  
  5636.71   19.025660780693602   18.992236602278226    1.0644253952413116    0.9750909944448871  
   5650.0   34.852073332188574   34.845850994026485     1.034644850705945     1.018971871617218  
  5651.48   18.562803383925278    18.51614425076931    0.8041306680405214    0.8044466149805984  
  5652.33   27.781462608090273   27.714205752988622    1.2354041942324265     1.124475565649579  
  5661.02    4.973773058392993    4.940999956845109    0.8753869859423604    0.8177406531321418  
  5661.35   22.577354888705493     22.5528000058598     1.085387678490342    1.0555830932720198  
  5677.69   6.9446843517769565    6.925840193869459    0.7368226824580741    0.8017478796200672  
  5678.39    5.954576040053987     5.91681484516897    0.6734617299220904    0.5767477839208315  
  5680.24   10.306635079707238   10.357698591163253     1.040287448970533    1.0943075918842453  
  5701.56      80.928421773673     80.5526409103779     4.115737722983056    3.8965116615033253  
  5717.84    61.22811763712556   61.220700087957255    1.9206011733480466     2.077087749611856  
  5731.77    55.76474363882516    55.77953437601484    1.8473451392809608     1.834246861617899  
  5738.24   12.075333768993156   12.093238793814047    1.1377316102470854    1.1456665513693896  
  5741.86    31.33804096928068   31.288438998831218    1.0736916664126852     1.003635259084831  
  5742.96    8.158656308837362    8.136001704391422    0.7437874192354403    0.7257473296745545  
  5752.04    52.29815749031573   52.259350848821384    1.0444499170203514    1.0032865749878752  
  5754.41   14.077982251910164   12.452528158163027    12.391609801176322      8.36694296925977  
  5759.26    9.408914539332613    9.388309530650044    0.8546732448524264    0.7962521894162382  
  5760.36   23.228614829038467   23.205791056597143    1.1459142365774717    1.1308872256430682  
  5775.09   56.753827061613066    56.73372814951326    1.0513136639787248    0.9430713807204754  
  5778.46    22.11680433563749    22.13981155358664    0.9581856918079517    0.9056676016488865  
  5784.67   27.085205561475046    27.05952879861809    1.1225095095270063    1.1393761703507792  
  5793.92   33.664362765607926   33.663724009599065    1.1402057794323142    1.1029494062292429  
  5806.73    52.18684166385469     52.1516437529729     1.010233862049887    0.9317679987929779  
  5811.91   10.622155695274875   10.572980902364993    1.0072311652215813    1.0449149879421835  
  5814.82     22.0779700600865    22.02162084675428    1.3666963078633643    1.1640602184955782  
  5835.11   14.796403446982707   14.805422175829051    0.6419808925096948    0.6279775624894057  
   5837.7     9.85511372731279    9.878928020722508      0.91603377717915    0.8772847864372046  
  5849.69    9.449635183946175    9.478864591483738    0.9276051268309384    1.0260246288546142  
  5853.15    7.874929244709533    7.871425579951824    0.6478766285272144    0.6287219866887739  
  5855.09   20.245616960967943   20.226395461819088    0.6686035669500932     0.654343572996428  
   5856.1    32.60776976898089    32.58480656552179    1.2487855108566208    1.3036053405382546  
  5858.79   12.230307624174465   12.194272005784395    1.0603431811359467    0.9233931033360747  
   5859.6    71.58106841735253    71.70157781480546    1.5840919864592138    1.5929238930651763  
  5861.11    8.749473794842089    8.684755507995929    0.9587273800528049    0.8312837163758022  
  5862.37      84.415468615987    84.34154730416785    1.8659531528814313     1.930753047997655  
  5879.49   10.487905670715476    10.36147605768263    1.8357337122075847     1.734536177591119  
  5880.03   11.375843366090878   11.410687447797278    0.6906463231416993    0.7338541115391237  
  5881.28   10.165991854964574   10.145629596776885    0.9650103047185343    0.9749710395163671  
  5902.48   14.717239768914572   14.703289963821348    0.9853841857467529    0.9586043668665454  
  5905.68    53.62648723908105   53.729633979067316    1.8590247976024301    1.9095351907928517  
   5927.8    41.62735804192824    41.64470775550049      0.96109723192356     1.011908766701474  
  5929.68    38.45916259094035    38.49532036496339     1.152826889686665    1.0676326502738718  
  5930.19    85.17294921232988    85.21846661177665     1.663791263182958    1.6999377862870801  
  5933.81    8.749336653075984      8.7450753455822    0.9156028147737185    0.8803077779535702  
  5934.67    73.02819405523829    72.93602567837803     1.261841002894144    1.1923790990129532  
  5947.53   10.626063364685779    10.63186059265455    0.6093054688238908    0.6309986068978084  
  5956.71   52.500856415475084    52.53657765144424    0.9193578298007665    0.9563215024698977  
  5976.79    65.16845803156993     65.2113127769604    1.2939133571401698    1.2681388034902596  
  5984.83    75.52457287341704    75.54115732953498    1.5364703840095473    1.4244472256824423  
  6003.02    72.00240312536486    72.01711818378229    1.3457764231583411     1.245742415490156  
  6007.97     58.8502553403423    58.92975757562295     1.666308544715129    1.6613705865626542  
  6008.57     85.1459723786347    85.14095453191868    1.6157035068262786    1.5977761918078528  
  6015.24   4.3823754396055365    4.368583286542435    0.7344465113616483    0.6362420411798477  
  6019.37    6.358566584863787     6.39174834659052    0.7630252532888715    0.7035319808711753  
  6027.06    63.04859275165252    63.02240664665363    1.8622612549895408     1.760456980898688  
  6056.01    69.87961104517468     69.8880287777875    1.5224040240987762    1.5860816887752094  
  6065.49   114.19263738800962   114.13042943775895     1.836093049003452    1.6370347561070133  
   6078.5    75.08200515697949    75.06893334381284     1.517445865648341    1.6768608019510225  
  6079.02    44.61723793205074    44.62454233540787    1.3202115410481596    1.2134458963068369  
  6082.72   34.018283154486575   34.040448707859795    0.8249342510940636    0.8360387988271114  
  6089.57    34.86838633998965   34.825978681438464    0.8067895253305366    0.7891371428046483  
  6093.65    31.26786811186392   31.312359953983524     1.184162340908152    1.2014918906856877  
  6094.38    20.30327302382258   20.285526912759572    0.9261442298162379    0.9126190486992094  
  6096.67    37.29744723787188     37.2992186725993    1.4250631099011173     1.512702312135282  
  6098.25   16.395268666322664   16.472598697455332    0.8877924840811318    0.9087185590039386  
  6120.26    5.401739963877316     5.37756645020368    0.6592807620015888    0.6066546309657612  
   6137.0    63.58617312828569    63.44007981339824     2.050481339109126     1.809628971320116  
  6151.62   49.312999498512426    49.33801397236573     1.122560052180134    1.2122655338798864  
  6157.73    56.83467307296559    56.84900979769792    1.6582724372286037    1.8054099383709143  
  6165.36   43.721320270557285   43.716383500305454    1.0300498004726606    1.0137611784597027  
  6173.34    66.56339113915242    66.51153016351849     5.026330952586463     4.287427351783727  
   6187.4   3.5306932304156757   3.5161843143737186   0.34840303755325985   0.34393283248519646  
   6188.0    46.11152772056138    46.11223039065808    0.9550013223509026    0.9105940598449465  
  6199.51    4.006459917190552   3.9866656158869054    0.6384424366681909    0.5471905057832882  
  6200.32    70.70501411671384    70.60352321196822    1.4949962492311215    1.4564052845702236  
  6213.44    77.94565564491575    77.99207442129392    1.8666442142433226     1.814460299369614  
  6219.29    87.15605302604904    87.15651630825843    2.2124746788696683    2.1434556234686966  
  6220.79   18.795298898631227   18.743321894318388    0.6868732551037553    0.7018202616477822  
  6226.74    28.20020898600216    28.19672416289866    0.7849922612450584    0.8468673098002348  
  6232.65    80.90768218222534    80.89494138130263    1.7205432723900742      1.69131948232112  
  6240.65    47.25185549305219    47.21382546511293    0.8491418081067366    0.7215949279534399  
  6246.33   113.51777639379222   113.53332551037107    1.8512198993121558    1.6257522630765635  
  6252.57   115.40530772748541    115.3561943823149    1.4852514145249813    1.3891459732817992  
  6265.14    83.33810791298826    83.28277813790257    1.7441551145709013    1.7432713553625803  
  6270.23     51.7542210222276    51.74313941431762    1.4400895403233847    1.4162756606077807  
  6280.62   52.427925643180885    52.41175142519049    1.5959675527721515     1.703634268451431  
   6297.8    72.06595503513535    72.18416157403958    1.8575988103082608     2.173857429520112  
  6301.51   115.88005652013263   115.77990422896123     2.323762522680468    2.3508696881294355  
  6303.47    5.952873637415088    5.831264989901237    1.2738303490738891     1.000148615996162  
   6311.5   28.463281707933533    28.45810348174981    0.8774813610499343    0.9556354397361986  
  6315.81     41.0433450238002   41.045737890356634     1.357631453858417    1.4446875407712838  
  6322.69    74.06374856193656     74.1025777125948    1.2552921968099184    1.3167536284260137  
  6330.85   32.657651476649505    32.63066747333281    0.7214636341400578    0.6842771919754576  
  6335.34    95.04704380226404      95.079304088708     1.737318609366298     1.638096642570133  
  6380.75    50.96380734240207   51.000277254678196    1.1636495503115825    1.1572141283665331  
  6392.54   16.502026991874235   16.465513492708126    0.7204141226736454    0.7656599357076637  
  6393.61   107.69941067834935   107.73037351005135    2.5185530905897195    2.3236501578320343  
  6421.36    112.1624113913615   112.12722586231833    1.7412576517256042    1.7668875642285826  
  6436.41    12.59213389514103   12.579511160349075     0.924996373690357    0.9251317875515817  
  6481.88    62.10434618764084    62.08194098554902    1.7046271607314267    1.7951958432810287  
  6498.95    46.61002270116931   46.609709176665646     6.903682541362166     6.214432648523442  
  6518.37    55.31594734672165     55.4246468807585    1.2990700409659723     1.590852400900765  
  6533.94    46.23609684784363    46.11627205332793    1.3254850141186552    1.1895702132310575  
  6574.25   27.769330272485323   27.797663305164974    0.8882666980501668      0.83819469324715  
  6581.22   19.365139667357326   19.307958310228955    0.7083940449120192    0.7179808506072405  
  6591.31   11.099040859179615   11.060953569484427    0.6502295022933424    0.6754287695076471  
  6593.88     81.7936856821479     81.8667369629632     1.832312019742787    1.9074759376829462  
  6608.04    17.44395451566884    17.52582341324656     0.756391737239035    0.8413274555741488  
  6609.12     65.1077042229066    65.19351025060737    1.2371199358258878    1.3002360608511552  
  6627.56   27.167004465106682    27.14737876132076    0.9266783257419107    0.8080325974569362  
  6633.76    65.00921234043422    65.02310519272645    1.2678489695903181    1.2854874414612567  
  6667.43    6.104642056269367     6.12123657587672     1.023801907869883    1.1780233480601892  
  6667.72    9.150917995697194    9.184376486006212     1.130916198293363    1.1355900570639417  
  6699.14     9.28012640159979    9.253631688417581    0.9057028578917645    0.7287881335465567  
  6703.58   36.738326180954516   36.730270290528196    0.7696184499626639    0.7175799195808992  
  6704.49   6.3331517665445904    6.363870830792052    0.4844287013736963    0.5407088746195683  
  6713.75   21.149116287554108    21.15437768508992    0.7838744737307586    0.7574993576666245  
  6725.36   17.662450073128504   17.635446390835963    0.7520588416680738    0.6943446519537098  
  6726.67    46.65472258513908   46.626451753304515    0.9786901863676079    0.9923116950993958  
  6733.15   26.199368099089813   26.241931766640466    0.8634612942759183    0.8200259189791552  
  6739.52   12.489144158442741   12.465925180959001    0.6144634223963301    0.5747764323015012  
  6745.97   5.5846730877214945    5.562733995716698    0.4336844775861728    0.4058276400709655  
  6750.16    70.55185361036547    70.55014522920649    0.8250418421766739    0.8638286561775317  
  6753.47    6.682849314892655    6.638435862273723    0.8770639474100177    0.8104953741090055  
  6756.55   6.8803688072769695    6.805976556962264    1.1171845258658806     1.022312955043141  
  6786.86   21.618807427437474    21.62042830670707    0.7915681445285472    0.7785432912944472  
  6793.26   13.131205565174545   13.125882051438719    0.8940777524912491    0.8978231741431149  
  6796.12   14.445251293970788   14.341200770982265    1.5299740489797848    1.4594453637539573  
   6804.3   14.960035780038005   14.953953984682357    0.7308091943331974    0.7739485854572372  
  6806.86    34.04762838622449     34.0242731629503    0.7483397994970886    0.8301610589756834  
  6810.27    48.74701699485059    48.74962925540852    0.7866440638657508    0.8099324827484722  
  5100.66   18.378988411623965    18.38197894666571    0.7773918875874344    0.8947081212567305  
  5132.67    20.76811854724169   20.758978885586842    1.4936666432977397    1.4989951270661557  
   5136.8   15.436856210293865   15.508882251288496     1.031834538652431    0.9753946075143265  
  5197.58    78.83812830282632    78.99364518139731    2.9543850049130356     3.088784170398668  
  5234.63    79.14691253351964      79.112330114839     3.299350290052118     3.371555204027871  
  5264.81   43.081778803163935    43.03544569668864      2.18960481522992    2.1529047400187338  
  5284.11    61.50962625023472   61.522708626226134    2.4062163485242465    2.3704944296036388  
  5414.08    26.07075828047175   26.039123359952335    0.6979110331424927    0.6364573726102734  
  5425.26    40.08361509865322    39.98473748037516    1.8386300997837992     1.932292428911552  
   5627.5    8.771886459298345    8.631559520494942    1.7981638546215404    1.4996680018792654  
  5991.38     30.4996585521984    30.49300630303547    0.7983781722437726    0.7252755527748853  
  6084.11   21.168281071450856   21.180157572102722    0.6536287076659733     0.636813234525782  
  6113.33    12.51190610093261     12.5191532665147     0.601741334142547    0.6632880253440607  
  6149.25    35.04087754127309    35.08434423937236    0.8073021994490901    0.8508588685888938  
  6239.95    13.24947942816342   13.221071638741327    0.4998475940741507     0.502575887996267  
  6247.56    50.38591403792428    50.45851676874871     1.409007361657821    1.4842689230193642  
  6369.46   18.760526421562982   18.732356879649455     0.709786087176731    0.7181983582886318  
  6416.93   40.917902587100926    40.91874860982534    1.1419417531524232      1.13442796420847  
  6432.68   39.839519895183656    39.82092905372559    1.2880110629357802    1.1910653520594607  
  6456.39    60.26557541803899   60.235014672306164    1.4351330354037373     1.436902021216838  
  6516.08    53.82889203244881   53.866494223030614    1.1145423908344227    1.0256091549531163  
