  5494.47    26.63524392219463   26.671050758094864     0.752313493205726    0.8334503604909642  
  5522.45   42.662555016630414   42.683018053038595    1.1696715628982801    1.1360773058611713  
  5524.24    3.952661024756909   3.9164987144734575    0.6690525891285772    0.6452278832477116  
  5539.29   17.586582489011924    17.59272279977052    0.7731084976887317    0.7718468765867819  
  5552.69    6.997478048202241   6.9711979213959765    0.9603918712106889    0.8498802062249862  
  5560.22    49.63492760050542    49.53709728878079     2.669189501850447    2.1338220145860802  
  5568.86    8.144616817862676    8.102241139060508    0.7525205189580362    0.6824575839807316  
  5577.03    12.45200719191664   12.516808959927884    0.8144369879874755    0.8703896483025098  
  5586.77                  0.0                  0.0                   0.0                   0.0  
  5587.58    33.49646766850883    33.42232787775875    1.7403034351357576    1.7359960829868868  
  5595.05    8.234778040988393    8.247193263269674    0.8805690431122901     0.788533761804409  
  5608.98   10.311611541738579     10.3024145390733    0.7636598606875857    0.7989212534038153  
  5609.97   6.8403512250707985    6.810281525271197    1.4728983832560534      1.31078249698529  
  5611.36    9.611450229271835    9.614055963658146    0.7836026415337098    0.8214128830254381  
  5618.64    49.96829354583398    50.03884407622928    1.2592301877160423    1.3164228171028256  
  5619.61    34.91610509696868    34.89116667282728    1.1006855417363468     1.154864251231082  
  5635.83    32.78299059455876    32.69827113540309    0.9910049469782152    0.9719651274352756  
  5636.71   19.025660780693602    18.99684790782781    1.0326402120878697    1.0099513820470385  
   5650.0   34.852073332188574   34.804121415603994    1.1328978045256761     1.125193618425378  
  5651.48   18.562803383925278   18.560009938238444    0.8085583455484588    0.8116905355158259  
  5652.33   27.781462608090273    27.81109142510325    1.1940281402826862    1.2296294396767387  
  5661.02    4.973773058392993    4.935035776935562    0.9062061228405636    0.9172511225967392  
  5661.35   22.577354888705493    22.51398817830135    1.0911633376371341    0.9903571549006109  
  5677.69   6.9446843517769565   6.9038727577389025    0.8015534607149108    0.7543685639389066  
  5678.39    5.954576040053987    5.943226005656696    0.6168490061411482    0.6048263087549213  
  5680.24   10.306635079707238   10.295119887638958    1.1636050994103044    1.1007331368047204  
  5701.56      80.928421773673    80.72967344228097      4.38855484355048    3.8042102027705624  
  5717.84    61.22811763712556    61.15793979559746    2.1041353947699193    1.9047132425140276  
  5731.77    55.76474363882516    55.79056539943607    1.9368415850532017    1.8937083782700697  
  5738.24   12.075333768993156   12.034831371239324    1.2516779274711567    1.0793296709073648  
  5741.86    31.33804096928068   31.354475560692578    0.9019865201412642    0.9037731229760873  
  5742.96    8.158656308837362    8.112256010537905     0.798829249787568    0.7782312659216704  
  5752.04    52.29815749031573    52.35302976932633    1.0756705390147872    0.9723461022330326  
  5754.41   14.077982251910164   12.631740875593618    12.027318923564248     8.465625984596299  
  5759.26    9.408914539332613    9.328503815480207    0.8819980030270216     0.759894997611525  
  5760.36   23.228614829038467    23.19442288534809    1.0826217460507195    1.0646980731899198  
  5775.09   56.753827061613066    56.78562941563679    0.9671335213081633    0.9746491846776877  
  5778.46    22.11680433563749    22.10121839995499    0.9339247853572488    0.9641412191477237  
  5784.67   27.085205561475046    27.13769802543473    1.0860229354595745    1.0856697109059859  
  5793.92   33.664362765607926   33.613652990931215    1.0567926929266918    1.1275515781952663  
  5806.73    52.18684166385469    52.21057585221615    1.0045881771767355    0.9293831343723795  
  5811.91   10.622155695274875   10.613955756146979    0.9881937074564764    1.0652623301924038  
  5814.82     22.0779700600865    22.14026890339894    1.3926601075980685     1.350308411366015  
  5835.11   14.796403446982707   14.799587152562474     0.649889534650967    0.6458717190251821  
   5837.7     9.85511372731279    9.857201243887513      0.94256800769978    0.8767170144566823  
  5849.69    9.449635183946175    9.424913851414196     1.037751313927119    1.0817076772733838  
  5853.15    7.874929244709533    7.859678866607691    0.6234659841996866    0.6073469533471938  
  5855.09   20.245616960967943   20.231359717454076    0.7592410747866261    0.6685458397565434  
   5856.1    32.60776976898089     32.5707374086946     1.292093513958072    1.3725556482289463  
  5858.79   12.230307624174465   12.225221925139795     0.930376068664323    0.9982612405570865  
   5859.6    71.58106841735253    71.54556686958844    1.7694847812978907    1.5996530901809933  
  5861.11    8.749473794842089    8.731266584838545    0.9679622754648243    0.8703441370427516  
  5862.37      84.415468615987    84.39816548687145    1.8247833288650668    1.7676552692549876  
  5879.49   10.487905670715476   10.479431790981362    1.8546368838481424    1.5844453693277512  
  5880.03   11.375843366090878     11.3899081979447     0.686301626942651    0.7678324099995191  
  5881.28   10.165991854964574   10.153268037545546    0.9927193972767974    0.9203107814719136  
  5902.48   14.717239768914572     14.6843780319882    1.1091040011399294    1.0128306796122057  
  5905.68    53.62648723908105    53.67510828542687    1.8087538311537088    1.8361093419407908  
   5927.8    41.62735804192824    41.60348557959685    0.9564094669442511    0.8948993641191407  
  5929.68    38.45916259094035     38.4017492088383    1.1940352135050034    1.0392925928703747  
  5930.19    85.17294921232988    85.18590364351533    1.4688697488011115    1.5382418491146836  
  5933.81    8.749336653075984     8.74899495487067     0.913135995581607    0.8717422176301062  
  5934.67    73.02819405523829    73.06027530065927    1.1349862153020922     1.160280388250854  
  5947.53   10.626063364685779   10.640799166784461    0.5763746511915855    0.6129335907622764  
  5956.71   52.500856415475084    52.42008849825485    0.9721554253346198    0.8666386959399475  
  5976.79    65.16845803156993    65.19651269718312    1.3811557595620627    1.2330310152150972  
  5984.83    75.52457287341704     75.6316129070594    1.4590595460462623    1.4448137967802808  
  6003.02    72.00240312536486    71.98059928815414    1.2340546700056052    1.3622312119620545  
  6007.97     58.8502553403423    58.95417597055116    1.5372166596685588     1.710404341725095  
  6008.57     85.1459723786347    85.12713454333165      1.55350944122668    1.5469306887084286  
  6015.24   4.3823754396055365    4.360861519772218    0.7245085179424304    0.6724881804037155  
  6019.37    6.358566584863787   6.2762944536949075     0.758012568271127    0.6957728468216136  
  6027.06    63.04859275165252    62.96982413290324    1.8032622249230172     1.657683989881697  
  6056.01    69.87961104517468     69.8620906765149    1.6431353485883449    1.4742692102050654  
  6065.49   114.19263738800962   114.15765612379141     1.726499993206147     1.705463963162373  
   6078.5    75.08200515697949    75.15665400513862    1.5815561973841739    1.6010864554276907  
  6079.02    44.61723793205074    44.66590508346939    1.2762005857403267    1.3282998060437237  
  6082.72   34.018283154486575   33.989242891742535    0.8219362570366258    0.7847999796191374  
  6089.57    34.86838633998965   34.853141044330336    0.7804252682692834    0.8600247317790348  
  6093.65    31.26786811186392   31.306487714916997     1.147601937424092    1.2158167139588762  
  6094.38    20.30327302382258     20.2647057153861     1.007930687945386    0.8639157854114039  
  6096.67    37.29744723787188    37.16245883593264    1.4554696065048702    1.3371251889139018  
  6098.25   16.395268666322664   16.433623329382044    0.8475714080882852    0.9027103095972251  
  6120.26    5.401739963877316    5.389688786031737    0.6270220373809785     0.649072042994173  
   6137.0    63.58617312828569    63.63129151983304    1.9391330114930838    1.9898280675733204  
  6151.62   49.312999498512426    49.33142930592842    1.2439674600902535     1.141652889466961  
  6157.73    56.83467307296559    56.86989688361079     1.739298246996512    1.6100910549836982  
  6165.36   43.721320270557285   43.730836490965515    0.9947786871125501    0.9665601087662878  
  6173.34    66.56339113915242    66.66225191323822     4.918717626836454      4.72345578827445  
   6187.4   3.5306932304156757   3.5028281725445036    0.3451169490088515   0.34380633918036985  
   6188.0    46.11152772056138    46.01344549582966     1.010398884048037    0.9709265012969439  
  6199.51    4.006459917190552   3.9830272418056962    0.6392559403441327    0.5782559469025914  
  6200.32    70.70501411671384    70.62935741193942      1.46902143352888    1.4019938405242272  
  6213.44    77.94565564491575    77.83590060840473    1.7804174624914708    1.8035715507594148  
  6219.29    87.15605302604904     87.1036921172712      2.06870721482224    2.2163590838684684  
  6220.79   18.795298898631227    18.77140194856581    0.7660029473704384    0.7640067799847046  
  6226.74    28.20020898600216   28.258466230203002     0.809893943988353    0.8868818529447147  
  6232.65    80.90768218222534    80.89232009712441    1.8122084035847479    1.7642712494220518  
  6240.65    47.25185549305219    47.28715956949404    0.7344021304532191    0.7403414845873684  
  6246.33   113.51777639379222   113.50052375323997    1.6751765308612079    1.8307029380000017  
  6252.57   115.40530772748541    115.3747525868182     1.367920466983506    1.4048085858428294  
  6265.14    83.33810791298826      83.456815588897     1.581577926373825    1.7020593444737528  
  6270.23     51.7542210222276     51.6940558878068    1.5272270728031714    1.5431737623542432  
  6280.62   52.427925643180885    52.37149905777579    1.6226734952900799     1.633928178313667  
   6297.8    72.06595503513535    72.11571131268583    1.9408252924290537    1.9447033472813615  
  6301.51   115.88005652013263   115.75263877160742     2.383550079705543     2.538478479071628  
  6303.47    5.952873637415088    5.993932028021815    1.2271364276778112    1.1562399763861384  
   6311.5   28.463281707933533   28.445703468322996    0.9266122124556162    0.9135080848926265  
  6315.81     41.0433450238002    41.07954411154053    1.4697780507843703    1.4971372589756768  
  6322.69    74.06374856193656    74.17426660412886     1.224770667573651    1.3672156713488022  
  6330.85   32.657651476649505   32.644489980683005    0.6914755480378858    0.7050415779274886  
  6335.34    95.04704380226404    95.04222566789372     1.721864398603671    1.8952716195120871  
  6380.75    50.96380734240207    50.96309396398881     1.149806048388804    1.0751649091564488  
  6392.54   16.502026991874235    16.53617249693443    0.7773790180760365    0.7881029008889442  
  6393.61   107.69941067834935   107.73227740323163    2.3966291340095722    2.3337385946942675  
  6421.36    112.1624113913615   112.16048777335521     1.607038298568682    1.6932023950011796  
  6436.41    12.59213389514103    12.54928286267894    0.8342046319032281    0.8223790144325118  
  6481.88    62.10434618764084    62.27299977876025    1.5430253446589859    1.9016645569489867  
  6498.95    46.61002270116931    46.57216753607951     5.902386791610326     5.700543703448595  
  6518.37    55.31594734672165     55.3120334526014    1.3969931702691483    1.3611547767816603  
  6533.94    46.23609684784363    46.31755149445992     1.165730122050391    1.3048876464358727  
  6574.25   27.769330272485323    27.76544528098169    0.7768937244281169     0.848995883133469  
  6581.22   19.365139667357326   19.375472461432395    0.7186494659036136    0.7143253585481517  
  6591.31   11.099040859179615    11.10497894563309    0.6849781043920267    0.6851201130934417  
  6593.88     81.7936856821479    81.88426560531155    1.7463386609447866    1.7537226130697832  
  6608.04    17.44395451566884    17.43189016824479    0.8542256779648838    0.8237493762691948  
  6609.12     65.1077042229066    65.09748870152461    1.2460695660731034    1.2795453378876758  
  6627.56   27.167004465106682   27.167179431817072    0.9160331699713069    0.8767276933614028  
  6633.76    65.00921234043422     64.9945907877036    1.2381327350828712    1.3061682795790617  
  6667.43    6.104642056269367    6.021816803700419    1.1402628323938107    1.1190172575627475  
  6667.72    9.150917995697194    9.129760256043472    1.1548723964140812    1.1085347109201642  
  6699.14     9.28012640159979    9.289695297404528    0.8240502505195586    0.8765054503022753  
  6703.58   36.738326180954516   36.760187854197554    0.7111359612636079    0.7371061340880587  
  6704.49   6.3331517665445904    6.358176145712345    0.5407513559986352    0.5168133675412019  
  6713.75   21.149116287554108   21.191437001111147    0.8430490900974661    0.8115905204329046  
  6725.36   17.662450073128504   17.609944078595543    0.7266263337356165     0.747703961051073  
  6726.67    46.65472258513908     46.5856856368362    0.9866852259151102    0.9787701099161197  
  6733.15   26.199368099089813    26.20731502207321    0.8367230405615196    0.9140428561638281  
  6739.52   12.489144158442741   12.464771313747208    0.6061164462626127    0.6368836865121636  
  6745.97   5.5846730877214945    5.601225155846572   0.43494442754201756   0.45605798214911086  
  6750.16    70.55185361036547    70.58258928839288    0.8552308776260702    0.9046552114605504  
  6753.47    6.682849314892655    6.631254318864626    0.8553876600945811    0.8269767115136268  
  6756.55   6.8803688072769695    6.807888857880016    1.1375361956481553    1.0523665698714044  
  6786.86   21.618807427437474   21.568301913705213    0.7668943727790634    0.7414324688248364  
  6793.26   13.131205565174545   13.125016425069777    0.9401493918605315    0.9261629014883361  
  6796.12   14.445251293970788   14.401031881730004     1.396788089538278    1.4680585132471595  
   6804.3   14.960035780038005   14.971638386496785    0.7688459070799638    0.6749265833754698  
  6806.86    34.04762838622449    34.02996035655779    0.7821604318075472    0.7361683841692823  
  6810.27    48.74701699485059   48.727762372556064    0.8195069196604052     0.843582568705223  
  5100.66   18.378988411623965   18.370515484278492    0.8636337495923314    0.8572619638912471  
  5132.67    20.76811854724169    20.77712917647966    1.5072221670408261    1.4890434454069492  
   5136.8   15.436856210293865   15.469438215891387    1.0534555669344172    1.0999266705028727  
  5197.58    78.83812830282632    78.80665743583707     2.794961765845116    2.9240198603669683  
  5234.63    79.14691253351964    79.23037277247818     3.319812060809852    3.6759015697420097  
  5264.81   43.081778803163935    42.99150063073594     2.247707998447531    2.2024461088642937  
  5284.11    61.50962625023472    61.39177445254931     2.368569750531215    2.3998412898532706  
  5414.08    26.07075828047175   26.029921819177552     0.650738026761509    0.6185662924180058  
  5425.26    40.08361509865322    39.97090527693963    2.0379529492830954    1.7961532180465838  
   5627.5    8.771886459298345    8.752678034064122    1.6573365124286958     1.486170497865464  
  5991.38     30.4996585521984    30.48375095335914    0.7188237300566733    0.7378732112438477  
  6084.11   21.168281071450856   21.125107219724683    0.7557939779752232    0.6248364571882625  
  6113.33    12.51190610093261   12.489004444619823    0.6663781445790065      0.65699818604255  
  6149.25    35.04087754127309   35.063604395850106    0.8323213382624104    0.8505477871411458  
  6239.95    13.24947942816342   13.252509473630639   0.48260312644818093    0.4962027396671349  
  6247.56    50.38591403792428    50.41002227839747    1.4719891362546207    1.3818376469993296  
  6369.46   18.760526421562982   18.755937396530587    0.7662497553966254    0.7095126568412127  
  6416.93   40.917902587100926    40.86829850944882    1.2715131841495335    1.0666669698424514  
  6432.68   39.839519895183656     39.9142740174647    1.1508396022417458    1.2434425418899906  
  6456.39    60.26557541803899   60.324936822618085    1.4705770343846893    1.4410006281017687  
  6516.08    53.82889203244881    53.85621239667617    1.0254468105569146    1.0277080563550456  
